[gd_scene format=3 uid="uid://cfqc7tl2uo7qp"]

[ext_resource type="Script" uid="uid://hungp64sr4e3" path="res://path_follow_3d.gd" id="1_ig7tw"]
[ext_resource type="Script" uid="uid://10fk8ff0a1pv" path="res://player.gd" id="2_0xm2m"]
[ext_resource type="ArrayMesh" uid="uid://cmdcgf5abd25r" path="res://gorilla/source/Gorilla.obj" id="2_h2yge"]

[sub_resource type="Curve3D" id="Curve3D_7dm0k"]
_data = {
"points": PackedVector3Array(0, 0, 0, 0, 0, 0, 0, 0.155, 0, 0, 0, 0, 0, 0, -14.845, -4.7798367, 0, -25, 0, 0, 16.735, 0, 0, -22.485, 51.793358, 0, -62.012947, 0, 0, 18.615, 0, 0, 0, 0, 0, -116.27497, 0, 0, 0, 0, 0, 0, 0, 0, -182.62),
"tilts": PackedFloat32Array(0, 0, 0, 0, 0)
}
point_count = 5

[node name="Node3D" type="Node3D" unique_id=826991251]

[node name="DirectionalLight3D" type="DirectionalLight3D" parent="." unique_id=1012121101]
transform = Transform3D(0.9659258, -1.131334e-08, 0.25881904, -0.25881904, -4.222196e-08, 0.9659258, 0, -1, -4.371139e-08, 0, 10.790912, 0)

[node name="Path3D" type="Path3D" parent="." unique_id=392636001]
curve = SubResource("Curve3D_7dm0k")

[node name="PathFollow3D" type="PathFollow3D" parent="Path3D" unique_id=689991832]
transform = Transform3D(0.9822011, -0.0011435437, 0.18778753, 0, 0.99995434, 0.006089553, -0.18779048, -0.0059810802, 0.9821857, 0, 0.155, 0)
script = ExtResource("1_ig7tw")

[node name="MeshInstance3D" type="MeshInstance3D" parent="Path3D/PathFollow3D" unique_id=1966542167]
transform = Transform3D(-0.007680494, 0.0010659213, -0.0005894678, 0.0006014728, 4.6367557e-05, -0.0077530397, -0.0010591797, -0.0077030472, -0.00012823561, -1.8189894e-12, -0.15500003, -0.0009549299)
mesh = ExtResource("2_h2yge")
script = ExtResource("2_0xm2m")
speed = 10.0
LIMIT_X = 3

[node name="Camera3D" type="Camera3D" parent="Path3D/PathFollow3D" unique_id=1529026786]
transform = Transform3D(0.993704, 0.049932994, -0.10035348, -0.0006905739, 0.89802337, 0.43999243, 0.11208757, -0.4371438, 0.89238536, -0.2814012, 2.350773, 2.5092192)
